State,Year,"Total Number of People with Alcohol Use Disorder.12-17","Total Number of People with Alcohol Use Disorder.18-25","Total Number of People with Alcohol Use Disorder.26+","Total Number of People with Alcohol Use Disorder","Total Number of People Who Used Marijuana.12-17","Total Number of People Who Used Marijuana.18-25","Total Number of People Who Used Marijuana.26+","Total Number of People Who Used Marijuana","Total Number of People Who Used Cocaine.12-17","Total Number of People Who Used Cocaine.18-25","Total Number of People Who Used Cocaine.26+","Total Number of People Who Used Cocaine"
Alabama,2002,18000,68000,138000,224000,49000,119000,141000,309000,6000,27000,49000,82000
Alaska,2002,4000,12000,27000,43000,13000,24000,46000,83000,2000,5000,5000,12000
Arizona,2002,36000,117000,258000,411000,82000,166000,215000,463000,16000,51000,86000,153000
Arkansas,2002,14000,53000,101000,168000,37000,87000,104000,228000,4000,18000,26000,48000
California,2002,173000,581000,1298000,2052000,443000,1109000,1670000,3222000,53000,259000,410000,722000
Colorado,2002,26000,102000,211000,339000,75000,181000,300000,556000,10000,51000,83000,144000
Connecticut,2002,16000,61000,120000,197000,52000,125000,158000,335000,5000,23000,33000,61000
Delaware,2002,4000,16000,31000,51000,12000,29000,36000,77000,1000,7000,11000,19000
"District of Columbia",2002,1000,12000,31000,44000,5000,28000,40000,73000,0,3000,14000,17000
Florida,2002,73000,266000,620000,959000,217000,470000,900000,1587000,26000,108000,220000,354000
Georgia,2002,36000,141000,331000,508000,106000,226000,331000,663000,13000,50000,108000,171000
Hawaii,2002,7000,22000,45000,74000,19000,37000,59000,115000,2000,7000,9000,18000
Idaho,2002,10000,30000,52000,92000,19000,40000,42000,101000,2000,8000,7000,17000
Illinois,2002,66000,269000,564000,899000,156000,409000,462000,1027000,18000,90000,143000,251000
Indiana,2002,34000,135000,230000,399000,76000,200000,245000,521000,11000,51000,68000,130000
Iowa,2002,19000,69000,114000,202000,33000,91000,104000,228000,5000,23000,27000,55000
Kansas,2002,12000,59000,86000,157000,32000,81000,87000,200000,4000,20000,24000,48000
Kentucky,2002,17000,67000,125000,209000,53000,119000,177000,349000,7000,30000,50000,87000
Louisiana,2002,24000,94000,169000,287000,53000,148000,154000,355000,7000,29000,65000,101000
Maine,2002,6000,24000,51000,81000,20000,49000,68000,137000,2000,11000,13000,26000
Maryland,2002,26000,86000,226000,338000,70000,163000,237000,470000,7000,26000,59000,92000
Massachusetts,2002,37000,124000,301000,462000,102000,257000,472000,831000,10000,53000,90000,153000
Michigan,2002,57000,200000,444000,701000,153000,353000,539000,1045000,19000,68000,128000,215000
Minnesota,2002,32000,120000,223000,375000,77000,174000,225000,476000,10000,43000,52000,105000
Mississippi,2002,10000,48000,91000,149000,28000,77000,80000,185000,3000,15000,30000,48000
Missouri,2002,31000,124000,213000,368000,79000,198000,280000,557000,10000,45000,80000,135000
Montana,2002,9000,24000,48000,81000,17000,36000,52000,105000,2000,8000,9000,19000
Nebraska,2002,14000,51000,79000,144000,25000,56000,67000,148000,3000,12000,15000,30000
Nevada,2002,13000,35000,95000,143000,36000,63000,115000,214000,4000,16000,23000,43000
"New Hampshire",2002,9000,30000,59000,98000,23000,58000,94000,175000,3000,13000,16000,32000
"New Jersey",2002,37000,131000,278000,446000,101000,233000,279000,613000,13000,51000,95000,159000
"New Mexico",2002,14000,48000,90000,152000,34000,71000,81000,186000,5000,21000,20000,46000
"New York",2002,87000,323000,727000,1137000,250000,684000,1010000,1944000,22000,141000,248000,411000
"North Carolina",2002,39000,145000,273000,457000,116000,234000,315000,665000,13000,56000,95000,164000
"North Dakota",2002,6000,22000,29000,57000,9000,24000,19000,52000,1000,5000,4000,10000
Ohio,2002,57000,228000,457000,742000,151000,374000,500000,1025000,17000,86000,135000,238000
Oklahoma,2002,17000,70000,109000,196000,46000,105000,119000,270000,6000,25000,27000,58000
Oregon,2002,17000,69000,131000,217000,52000,140000,214000,406000,6000,28000,39000,73000
Pennsylvania,2002,55000,233000,427000,715000,157000,386000,477000,1020000,15000,85000,144000,244000
"Rhode Island",2002,6000,32000,53000,91000,16000,58000,64000,138000,2000,15000,17000,34000
"South Carolina",2002,17000,89000,160000,266000,46000,127000,153000,326000,6000,29000,54000,89000
"South Dakota",2002,7000,24000,36000,67000,12000,26000,23000,61000,2000,5000,5000,12000
Tennessee,2002,23000,92000,171000,286000,58000,131000,164000,353000,9000,38000,66000,113000
Texas,2002,118000,422000,780000,1320000,281000,560000,641000,1482000,52000,167000,203000,422000
Utah,2002,11000,47000,67000,125000,25000,75000,48000,148000,3000,17000,15000,35000
Vermont,2002,3000,13000,24000,40000,12000,31000,41000,84000,2000,7000,7000,16000
Virginia,2002,38000,130000,265000,433000,94000,219000,259000,572000,10000,41000,81000,132000
Washington,2002,31000,119000,224000,374000,93000,236000,346000,675000,9000,47000,49000,105000
"West Virginia",2002,9000,31000,60000,100000,24000,54000,63000,141000,4000,14000,17000,35000
Wisconsin,2002,35000,145000,253000,433000,76000,186000,192000,454000,10000,41000,61000,112000
Wyoming,2002,3000,14000,21000,38000,7000,17000,20000,44000,1000,4000,4000,9000
Alabama,2003,18000,68000,135000,221000,51000,127000,156000,334000,6000,28000,46000,80000
Alaska,2003,4000,11000,23000,38000,13000,25000,43000,81000,1000,6000,5000,12000
Arizona,2003,37000,120000,276000,433000,83000,163000,233000,479000,14000,54000,83000,151000
Arkansas,2003,13000,49000,86000,148000,34000,91000,103000,228000,4000,17000,23000,44000
California,2003,204000,655000,1336000,2195000,469000,1099000,1625000,3193000,52000,267000,417000,736000
Colorado,2003,26000,102000,220000,348000,71000,156000,269000,496000,8000,45000,75000,128000
Connecticut,2003,19000,69000,139000,227000,55000,132000,174000,361000,5000,27000,32000,64000
Delaware,2003,3000,16000,29000,48000,10000,29000,34000,73000,1000,7000,10000,18000
"District of Columbia",2003,1000,11000,33000,45000,4000,22000,39000,65000,0,3000,11000,14000
Florida,2003,77000,274000,662000,1013000,196000,482000,833000,1511000,22000,120000,217000,359000
Georgia,2003,32000,122000,275000,429000,101000,222000,360000,683000,11000,43000,102000,156000
Hawaii,2003,7000,22000,46000,75000,17000,36000,57000,110000,1000,7000,10000,18000
Idaho,2003,9000,28000,52000,89000,18000,39000,45000,102000,2000,8000,9000,19000
Illinois,2003,66000,290000,563000,919000,150000,393000,541000,1084000,16000,87000,150000,253000
Indiana,2003,31000,128000,223000,382000,74000,204000,249000,527000,10000,48000,64000,122000
Iowa,2003,18000,83000,131000,232000,30000,96000,105000,231000,4000,22000,28000,54000
Kansas,2003,17000,67000,97000,181000,33000,78000,93000,204000,4000,20000,22000,46000
Kentucky,2003,18000,64000,137000,219000,54000,111000,195000,360000,6000,30000,48000,84000
Louisiana,2003,24000,86000,176000,286000,50000,128000,146000,324000,6000,31000,53000,90000
Maine,2003,7000,24000,54000,85000,20000,49000,70000,139000,2000,13000,14000,29000
Maryland,2003,25000,94000,216000,335000,73000,166000,228000,467000,6000,32000,63000,101000
Massachusetts,2003,34000,134000,287000,455000,92000,258000,414000,764000,9000,57000,82000,148000
Michigan,2003,54000,191000,385000,630000,146000,356000,550000,1052000,14000,70000,125000,209000
Minnesota,2003,30000,121000,220000,371000,73000,169000,231000,473000,8000,38000,46000,92000
Mississippi,2003,10000,47000,92000,149000,26000,71000,86000,183000,3000,15000,28000,46000
Missouri,2003,35000,125000,264000,424000,82000,193000,288000,563000,10000,48000,65000,123000
Montana,2003,8000,24000,44000,76000,16000,36000,47000,99000,1000,7000,9000,17000
Nebraska,2003,12000,47000,74000,133000,21000,51000,66000,138000,2000,13000,14000,29000
Nevada,2003,13000,41000,99000,153000,33000,59000,105000,197000,3000,14000,20000,37000
"New Hampshire",2003,7000,28000,50000,85000,21000,53000,85000,159000,2000,13000,16000,31000
"New Jersey",2003,41000,125000,298000,464000,97000,236000,290000,623000,11000,48000,86000,145000
"New Mexico",2003,14000,46000,91000,151000,35000,73000,96000,204000,5000,21000,22000,48000
"New York",2003,86000,323000,661000,1070000,235000,678000,970000,1883000,22000,156000,225000,403000
"North Carolina",2003,32000,124000,255000,411000,102000,227000,321000,650000,9000,44000,83000,136000
"North Dakota",2003,5000,23000,28000,56000,8000,24000,21000,53000,1000,5000,4000,10000
Ohio,2003,55000,215000,420000,690000,141000,348000,468000,957000,13000,75000,114000,202000
Oklahoma,2003,20000,72000,120000,212000,48000,107000,126000,281000,5000,27000,27000,59000
Oregon,2003,19000,72000,155000,246000,54000,134000,205000,393000,5000,26000,35000,66000
Pennsylvania,2003,58000,251000,475000,784000,149000,405000,539000,1093000,17000,95000,160000,272000
"Rhode Island",2003,6000,28000,53000,87000,16000,52000,66000,134000,2000,14000,16000,32000
"South Carolina",2003,19000,81000,183000,283000,50000,118000,172000,340000,7000,30000,46000,83000
"South Dakota",2003,7000,23000,35000,65000,11000,23000,26000,60000,1000,5000,5000,11000
Tennessee,2003,22000,86000,199000,307000,61000,139000,211000,411000,7000,34000,62000,103000
Texas,2003,113000,405000,774000,1292000,272000,559000,664000,1495000,50000,158000,216000,424000
Utah,2003,11000,41000,64000,116000,24000,67000,56000,147000,3000,18000,18000,39000
Vermont,2003,3000,14000,25000,42000,11000,31000,38000,80000,1000,7000,7000,15000
Virginia,2003,33000,136000,263000,432000,79000,231000,275000,585000,8000,45000,89000,142000
Washington,2003,34000,128000,263000,425000,83000,200000,310000,593000,10000,52000,53000,115000
"West Virginia",2003,9000,35000,68000,112000,21000,56000,71000,148000,3000,17000,19000,39000
Wisconsin,2003,42000,156000,321000,519000,82000,185000,226000,493000,11000,46000,66000,123000
Wyoming,2003,3000,13000,23000,39000,6000,18000,21000,45000,1000,5000,4000,10000
Alabama,2004,21000,64000,161000,246000,48000,124000,156000,328000,6000,31000,43000,80000
Alaska,2004,4000,12000,23000,39000,11000,26000,46000,83000,1000,5000,6000,12000
Arizona,2004,36000,114000,273000,423000,82000,152000,232000,466000,12000,48000,66000,126000
Arkansas,2004,12000,48000,90000,150000,32000,81000,106000,219000,4000,20000,23000,47000
California,2004,200000,665000,1395000,2260000,458000,1102000,1762000,3322000,52000,251000,322000,625000
Colorado,2004,29000,105000,214000,348000,65000,165000,237000,467000,7000,44000,54000,105000
Connecticut,2004,19000,76000,152000,247000,55000,130000,212000,397000,6000,29000,39000,74000
Delaware,2004,3000,17000,28000,48000,10000,28000,37000,75000,1000,7000,9000,17000
"District of Columbia",2004,1000,12000,32000,45000,5000,22000,41000,68000,0,4000,12000,16000
Florida,2004,81000,291000,802000,1174000,203000,506000,766000,1475000,25000,139000,223000,387000
Georgia,2004,33000,118000,278000,429000,94000,249000,346000,689000,10000,41000,80000,131000
Hawaii,2004,5000,22000,43000,70000,14000,36000,62000,112000,2000,7000,11000,20000
Idaho,2004,9000,28000,52000,89000,16000,44000,48000,108000,2000,11000,10000,23000
Illinois,2004,64000,281000,530000,875000,147000,381000,512000,1040000,14000,82000,145000,241000
Indiana,2004,33000,130000,241000,404000,73000,196000,224000,493000,8000,53000,58000,119000
Iowa,2004,18000,82000,117000,217000,26000,80000,93000,199000,4000,19000,23000,46000
Kansas,2004,18000,67000,113000,198000,33000,84000,110000,227000,4000,22000,30000,56000
Kentucky,2004,20000,64000,149000,233000,44000,110000,184000,338000,5000,31000,47000,83000
Louisiana,2004,20000,78000,180000,278000,45000,134000,161000,340000,5000,26000,43000,74000
Maine,2004,7000,23000,53000,83000,20000,50000,72000,142000,2000,12000,14000,28000
Maryland,2004,25000,87000,202000,314000,71000,162000,231000,464000,6000,33000,65000,104000
Massachusetts,2004,27000,131000,269000,427000,85000,256000,332000,673000,10000,68000,81000,159000
Michigan,2004,51000,210000,399000,660000,131000,360000,511000,1002000,14000,77000,107000,198000
Minnesota,2004,27000,117000,230000,374000,66000,168000,261000,495000,8000,44000,46000,98000
Mississippi,2004,11000,47000,97000,155000,28000,71000,95000,194000,3000,16000,28000,47000
Missouri,2004,34000,137000,256000,427000,73000,177000,257000,507000,8000,53000,56000,117000
Montana,2004,7000,28000,43000,78000,14000,39000,54000,107000,1000,9000,8000,18000
Nebraska,2004,11000,50000,75000,136000,17000,49000,64000,130000,2000,15000,14000,31000
Nevada,2004,13000,47000,102000,162000,30000,66000,106000,202000,3000,16000,18000,37000
"New Hampshire",2004,7000,29000,50000,86000,17000,50000,73000,140000,2000,12000,11000,25000
"New Jersey",2004,42000,129000,297000,468000,94000,237000,339000,670000,12000,52000,82000,146000
"New Mexico",2004,12000,42000,81000,135000,30000,63000,80000,173000,4000,16000,17000,37000
"New York",2004,85000,348000,671000,1104000,232000,663000,1022000,1917000,24000,151000,223000,398000
"North Carolina",2004,38000,132000,316000,486000,96000,244000,357000,697000,9000,51000,82000,142000
"North Dakota",2004,4000,20000,28000,52000,6000,20000,20000,46000,1000,4000,4000,9000
Ohio,2004,53000,227000,410000,690000,135000,343000,483000,961000,12000,70000,108000,190000
Oklahoma,2004,18000,78000,131000,227000,43000,97000,118000,258000,5000,26000,26000,57000
Oregon,2004,19000,71000,144000,234000,55000,139000,219000,413000,5000,26000,32000,63000
Pennsylvania,2004,58000,252000,478000,788000,146000,409000,586000,1141000,16000,101000,139000,256000
"Rhode Island",2004,5000,25000,45000,75000,17000,53000,63000,133000,2000,12000,14000,28000
"South Carolina",2004,17000,63000,190000,270000,47000,112000,168000,327000,6000,29000,46000,81000
"South Dakota",2004,5000,21000,33000,59000,9000,22000,24000,55000,1000,5000,5000,11000
Tennessee,2004,23000,95000,210000,328000,65000,166000,274000,505000,7000,40000,63000,110000
Texas,2004,108000,428000,851000,1387000,250000,585000,700000,1535000,49000,175000,206000,430000
Utah,2004,12000,51000,75000,138000,25000,70000,67000,162000,4000,19000,22000,45000
Vermont,2004,3000,16000,27000,46000,9000,29000,40000,78000,1000,7000,7000,15000
Virginia,2004,31000,141000,276000,448000,76000,218000,260000,554000,9000,55000,83000,147000
Washington,2004,30000,130000,268000,428000,69000,207000,314000,590000,8000,59000,56000,123000
"West Virginia",2004,9000,35000,64000,108000,19000,58000,73000,150000,3000,20000,21000,44000
Wisconsin,2004,38000,154000,277000,469000,75000,191000,238000,504000,9000,44000,52000,105000
Wyoming,2004,3000,13000,24000,40000,6000,16000,22000,44000,1000,4000,4000,9000
Alabama,2005,19000,66000,160000,245000,42000,108000,152000,302000,5000,31000,48000,84000
Alaska,2005,4000,13000,24000,41000,10000,25000,40000,75000,1000,5000,7000,13000
Arizona,2005,30000,110000,256000,396000,74000,159000,206000,439000,11000,54000,69000,134000
Arkansas,2005,15000,55000,112000,182000,33000,80000,119000,232000,4000,21000,25000,50000
California,2005,182000,710000,1539000,2431000,436000,1161000,1736000,3333000,55000,270000,328000,653000
Colorado,2005,27000,107000,216000,350000,62000,184000,247000,493000,8000,43000,57000,108000
Connecticut,2005,18000,80000,152000,250000,49000,131000,211000,391000,6000,31000,43000,80000
Delaware,2005,3000,15000,29000,47000,9000,28000,36000,73000,1000,6000,9000,16000
"District of Columbia",2005,1000,14000,32000,47000,5000,26000,41000,72000,0,5000,19000,24000
Florida,2005,73000,295000,756000,1124000,192000,521000,743000,1456000,24000,141000,234000,399000
Georgia,2005,36000,142000,322000,500000,94000,261000,367000,722000,12000,51000,90000,153000
Hawaii,2005,5000,22000,48000,75000,14000,36000,56000,106000,1000,6000,11000,18000
Idaho,2005,9000,31000,56000,96000,16000,43000,48000,107000,2000,12000,9000,23000
Illinois,2005,62000,268000,479000,809000,138000,377000,471000,986000,17000,90000,137000,244000
Indiana,2005,28000,136000,233000,397000,65000,186000,229000,480000,9000,50000,56000,115000
Iowa,2005,20000,77000,128000,225000,28000,75000,94000,197000,4000,20000,19000,43000
Kansas,2005,17000,63000,111000,191000,32000,92000,120000,244000,4000,25000,38000,67000
Kentucky,2005,20000,65000,133000,218000,41000,109000,153000,303000,5000,30000,38000,73000
Louisiana,2005,17000,73000,165000,255000,46000,127000,170000,343000,4000,27000,43000,74000
Maine,2005,6000,24000,53000,83000,19000,54000,80000,153000,2000,10000,12000,24000
Maryland,2005,25000,97000,198000,320000,60000,162000,202000,424000,7000,33000,56000,96000
Massachusetts,2005,28000,134000,276000,438000,83000,264000,356000,703000,9000,69000,108000,186000
Michigan,2005,47000,227000,423000,697000,124000,359000,516000,999000,14000,73000,94000,181000
Minnesota,2005,29000,125000,241000,395000,58000,167000,252000,477000,8000,41000,49000,98000
Mississippi,2005,11000,48000,94000,153000,27000,72000,99000,198000,3000,15000,27000,45000
Missouri,2005,31000,146000,246000,423000,64000,163000,255000,482000,8000,45000,53000,106000
Montana,2005,8000,29000,49000,86000,13000,40000,59000,112000,1000,9000,10000,20000
Nebraska,2005,11000,50000,81000,142000,17000,53000,65000,135000,2000,16000,16000,34000
Nevada,2005,13000,44000,108000,165000,30000,68000,117000,215000,4000,16000,21000,41000
"New Hampshire",2005,7000,30000,53000,90000,16000,52000,69000,137000,2000,13000,12000,27000
"New Jersey",2005,40000,132000,289000,461000,99000,243000,352000,694000,12000,54000,86000,152000
"New Mexico",2005,11000,39000,79000,129000,27000,63000,75000,165000,3000,16000,17000,36000
"New York",2005,84000,352000,689000,1125000,232000,673000,1048000,1953000,24000,155000,273000,452000
"North Carolina",2005,35000,130000,303000,468000,93000,247000,369000,709000,10000,63000,94000,167000
"North Dakota",2005,4000,19000,27000,50000,5000,18000,17000,40000,1000,4000,3000,8000
Ohio,2005,52000,237000,450000,739000,133000,353000,522000,1008000,15000,83000,129000,227000
Oklahoma,2005,15000,69000,130000,214000,38000,89000,125000,252000,5000,23000,28000,56000
Oregon,2005,19000,64000,128000,211000,53000,131000,225000,409000,6000,23000,28000,57000
Pennsylvania,2005,53000,235000,434000,722000,142000,395000,579000,1116000,15000,89000,128000,232000
"Rhode Island",2005,5000,24000,48000,77000,15000,51000,69000,135000,2000,12000,18000,32000
"South Carolina",2005,16000,69000,169000,254000,43000,113000,152000,308000,4000,27000,46000,77000
"South Dakota",2005,5000,22000,37000,64000,8000,22000,25000,55000,1000,5000,5000,11000
Tennessee,2005,24000,105000,209000,338000,64000,181000,283000,528000,7000,49000,80000,136000
Texas,2005,104000,429000,926000,1459000,242000,595000,705000,1542000,43000,187000,222000,452000
Utah,2005,12000,55000,77000,144000,24000,69000,66000,159000,4000,21000,21000,46000
Vermont,2005,3000,17000,27000,47000,9000,30000,45000,84000,1000,7000,8000,16000
Virginia,2005,31000,136000,275000,442000,83000,211000,264000,558000,9000,60000,79000,148000
Washington,2005,31000,120000,257000,408000,78000,224000,342000,644000,10000,60000,61000,131000
"West Virginia",2005,7000,32000,60000,99000,19000,54000,70000,143000,3000,18000,20000,41000
Wisconsin,2005,29000,140000,230000,399000,61000,187000,226000,474000,8000,37000,39000,84000
Wyoming,2005,3000,13000,23000,39000,6000,18000,23000,47000,1000,5000,4000,10000
Alabama,2006,19000,65000,156000,240000,43000,96000,163000,302000,5000,25000,45000,75000
Alaska,2006,4000,13000,24000,41000,10000,25000,40000,75000,1000,6000,8000,15000
Arizona,2006,26000,104000,241000,371000,66000,171000,229000,466000,13000,56000,90000,159000
Arkansas,2006,17000,56000,117000,190000,30000,79000,124000,233000,3000,20000,27000,50000
California,2006,186000,717000,1526000,2429000,424000,1180000,1726000,3330000,56000,281000,389000,726000
Colorado,2006,28000,115000,229000,372000,63000,180000,263000,506000,8000,45000,70000,123000
Connecticut,2006,21000,76000,149000,246000,42000,126000,165000,333000,5000,26000,39000,70000
Delaware,2006,3000,14000,30000,47000,9000,30000,41000,80000,1000,6000,11000,18000
"District of Columbia",2006,1000,16000,32000,49000,5000,31000,42000,78000,0,5000,20000,25000
Florida,2006,69000,281000,720000,1070000,175000,491000,760000,1426000,23000,124000,202000,349000
Georgia,2006,35000,141000,332000,508000,96000,247000,408000,751000,12000,58000,124000,194000
Hawaii,2006,6000,24000,61000,91000,14000,35000,47000,96000,1000,7000,12000,20000
Idaho,2006,9000,30000,55000,94000,15000,40000,47000,102000,2000,10000,9000,21000
Illinois,2006,64000,269000,535000,868000,126000,388000,499000,1013000,16000,90000,145000,251000
Indiana,2006,27000,119000,233000,379000,67000,192000,254000,513000,8000,44000,61000,113000
Iowa,2006,18000,70000,140000,228000,27000,68000,85000,180000,4000,20000,21000,45000
Kansas,2006,16000,65000,111000,192000,29000,89000,99000,217000,4000,22000,25000,51000
Kentucky,2006,17000,65000,136000,218000,47000,117000,184000,348000,5000,30000,38000,73000
Louisiana,2006,17000,74000,167000,258000,45000,123000,182000,350000,4000,31000,53000,88000
Maine,2006,6000,25000,54000,85000,17000,51000,74000,142000,2000,10000,14000,26000
Maryland,2006,25000,110000,226000,361000,60000,180000,211000,451000,6000,34000,69000,109000
Massachusetts,2006,30000,147000,306000,483000,83000,275000,375000,733000,8000,59000,96000,163000
Michigan,2006,50000,209000,426000,685000,121000,359000,517000,997000,10000,68000,93000,171000
Minnesota,2006,31000,130000,245000,406000,56000,180000,248000,484000,8000,35000,54000,97000
Mississippi,2006,10000,47000,92000,149000,24000,67000,91000,182000,2000,12000,24000,38000
Missouri,2006,29000,121000,237000,387000,62000,157000,266000,485000,8000,38000,59000,105000
Montana,2006,6000,25000,45000,76000,13000,38000,49000,100000,1000,9000,9000,19000
Nebraska,2006,10000,43000,76000,129000,16000,52000,58000,126000,2000,12000,14000,28000
Nevada,2006,13000,43000,109000,165000,29000,61000,120000,210000,4000,16000,27000,47000
"New Hampshire",2006,7000,30000,57000,94000,18000,55000,81000,154000,2000,12000,15000,29000
"New Jersey",2006,38000,136000,301000,475000,89000,231000,344000,664000,10000,48000,80000,138000
"New Mexico",2006,11000,41000,76000,128000,28000,71000,82000,181000,4000,17000,23000,44000
"New York",2006,74000,342000,663000,1079000,220000,690000,986000,1896000,21000,154000,274000,449000
"North Carolina",2006,31000,140000,302000,473000,86000,234000,355000,675000,9000,62000,106000,177000
"North Dakota",2006,4000,20000,29000,53000,6000,20000,19000,45000,1000,4000,4000,9000
Ohio,2006,55000,233000,484000,772000,139000,363000,516000,1018000,14000,90000,135000,239000
Oklahoma,2006,14000,66000,123000,203000,35000,85000,129000,249000,4000,22000,28000,54000
Oregon,2006,16000,61000,134000,211000,48000,131000,231000,410000,6000,26000,42000,74000
Pennsylvania,2006,50000,234000,422000,706000,136000,378000,501000,1015000,14000,80000,120000,214000
"Rhode Island",2006,5000,24000,48000,77000,16000,56000,73000,145000,2000,12000,22000,36000
"South Carolina",2006,18000,76000,179000,273000,41000,111000,160000,312000,4000,26000,43000,73000
"South Dakota",2006,5000,21000,36000,62000,8000,23000,25000,56000,1000,5000,6000,12000
Tennessee,2006,27000,112000,238000,377000,62000,165000,276000,503000,7000,52000,80000,139000
Texas,2006,105000,398000,856000,1359000,236000,554000,693000,1483000,43000,156000,233000,432000
Utah,2006,11000,47000,74000,132000,21000,63000,58000,142000,3000,22000,20000,45000
Vermont,2006,3000,15000,27000,45000,9000,31000,44000,84000,1000,7000,8000,16000
Virginia,2006,30000,142000,288000,460000,82000,236000,318000,636000,9000,64000,92000,165000
Washington,2006,30000,116000,260000,406000,76000,212000,343000,631000,10000,52000,75000,137000
"West Virginia",2006,6000,30000,60000,96000,17000,48000,72000,137000,2000,15000,19000,36000
Wisconsin,2006,30000,144000,260000,434000,63000,193000,236000,492000,8000,42000,59000,109000
Wyoming,2006,3000,13000,25000,41000,7000,18000,23000,48000,1000,5000,5000,11000
Alabama,2007,17000,65000,158000,240000,42000,103000,163000,308000,4000,20000,36000,60000
Alaska,2007,3000,13000,25000,41000,9000,25000,46000,80000,1000,6000,10000,17000
Arizona,2007,32000,118000,259000,409000,73000,188000,275000,536000,11000,53000,96000,160000
Arkansas,2007,12000,48000,101000,161000,27000,81000,140000,248000,3000,16000,29000,48000
California,2007,179000,714000,1389000,2282000,425000,1254000,1782000,3461000,51000,261000,367000,679000
Colorado,2007,27000,117000,222000,366000,64000,185000,299000,548000,8000,54000,84000,146000
Connecticut,2007,18000,69000,152000,239000,40000,123000,169000,332000,5000,23000,39000,67000
Delaware,2007,3000,16000,33000,52000,10000,32000,43000,85000,1000,6000,12000,19000
"District of Columbia",2007,1000,16000,31000,48000,5000,31000,43000,79000,0,5000,16000,21000
Florida,2007,66000,273000,764000,1103000,169000,463000,849000,1481000,20000,99000,186000,305000
Georgia,2007,32000,137000,325000,494000,100000,248000,440000,788000,9000,49000,102000,160000
Hawaii,2007,5000,23000,59000,87000,13000,38000,59000,110000,1000,7000,14000,22000
Idaho,2007,8000,28000,51000,87000,17000,41000,55000,113000,2000,9000,8000,19000
Illinois,2007,56000,269000,547000,872000,127000,376000,533000,1036000,13000,74000,133000,220000
Indiana,2007,28000,111000,222000,361000,71000,186000,279000,536000,7000,43000,64000,114000
Iowa,2007,15000,63000,127000,205000,24000,61000,70000,155000,3000,14000,13000,30000
Kansas,2007,14000,65000,108000,187000,27000,81000,95000,203000,3000,19000,18000,40000
Kentucky,2007,14000,57000,129000,200000,43000,109000,191000,343000,4000,25000,35000,64000
Louisiana,2007,15000,74000,163000,252000,40000,118000,162000,320000,4000,26000,63000,93000
Maine,2007,5000,23000,50000,78000,16000,46000,75000,137000,1000,10000,16000,27000
Maryland,2007,22000,104000,234000,360000,61000,176000,258000,495000,5000,29000,63000,97000
Massachusetts,2007,27000,142000,278000,447000,78000,261000,329000,668000,7000,47000,64000,118000
Michigan,2007,47000,191000,406000,644000,118000,349000,497000,964000,10000,68000,101000,179000
Minnesota,2007,29000,135000,267000,431000,53000,191000,245000,489000,7000,37000,57000,101000
Mississippi,2007,10000,47000,91000,148000,23000,63000,84000,170000,2000,10000,18000,30000
Missouri,2007,28000,115000,232000,375000,60000,159000,242000,461000,6000,37000,54000,97000
Montana,2007,5000,25000,44000,74000,13000,37000,50000,100000,1000,8000,9000,18000
Nebraska,2007,9000,40000,74000,123000,17000,50000,61000,128000,2000,10000,10000,22000
Nevada,2007,13000,42000,111000,166000,32000,67000,128000,227000,5000,17000,31000,53000
"New Hampshire",2007,6000,27000,53000,86000,19000,55000,87000,161000,2000,10000,13000,25000
"New Jersey",2007,32000,144000,313000,489000,75000,230000,299000,604000,9000,44000,72000,125000
"New Mexico",2007,10000,43000,75000,128000,26000,64000,76000,166000,3000,14000,15000,32000
"New York",2007,74000,377000,702000,1153000,222000,717000,940000,1879000,20000,143000,261000,424000
"North Carolina",2007,31000,151000,328000,510000,97000,252000,407000,756000,8000,57000,128000,193000
"North Dakota",2007,3000,20000,26000,49000,5000,22000,19000,46000,1000,4000,3000,8000
Ohio,2007,53000,219000,483000,755000,132000,348000,494000,974000,12000,71000,97000,180000
Oklahoma,2007,14000,69000,122000,205000,34000,84000,129000,247000,4000,19000,22000,45000
Oregon,2007,17000,69000,161000,247000,49000,142000,253000,444000,5000,34000,63000,102000
Pennsylvania,2007,48000,235000,444000,727000,123000,357000,472000,952000,14000,81000,134000,229000
"Rhode Island",2007,4000,23000,42000,69000,15000,56000,70000,141000,1000,13000,23000,37000
"South Carolina",2007,16000,73000,180000,269000,41000,109000,163000,313000,4000,26000,54000,84000
"South Dakota",2007,4000,20000,34000,58000,7000,23000,24000,54000,1000,4000,4000,9000
Tennessee,2007,22000,98000,223000,343000,59000,161000,296000,516000,6000,42000,76000,124000
Texas,2007,103000,402000,810000,1315000,232000,545000,698000,1475000,35000,138000,210000,383000
Utah,2007,10000,48000,77000,135000,24000,63000,58000,145000,3000,20000,15000,38000
Vermont,2007,3000,13000,24000,40000,9000,30000,44000,83000,1000,7000,8000,16000
Virginia,2007,32000,156000,302000,490000,81000,226000,316000,623000,8000,49000,79000,136000
Washington,2007,29000,124000,278000,431000,75000,207000,376000,658000,8000,46000,71000,125000
"West Virginia",2007,6000,29000,63000,98000,17000,43000,74000,134000,2000,14000,23000,39000
Wisconsin,2007,30000,135000,248000,413000,63000,191000,248000,502000,7000,46000,84000,137000
Wyoming,2007,3000,12000,24000,39000,6000,16000,20000,42000,1000,4000,3000,8000
Alabama,2008,16000,70000,162000,248000,38000,114000,175000,327000,3000,17000,33000,53000
Alaska,2008,3000,13000,28000,44000,10000,27000,52000,89000,1000,6000,10000,17000
Arizona,2008,29000,125000,253000,407000,77000,202000,295000,574000,7000,47000,68000,122000
Arkansas,2008,11000,46000,101000,158000,29000,82000,143000,254000,2000,10000,21000,33000
California,2008,166000,709000,1492000,2367000,476000,1392000,2010000,3878000,44000,241000,352000,637000
Colorado,2008,24000,111000,230000,365000,71000,204000,340000,615000,5000,47000,81000,133000
Connecticut,2008,17000,72000,164000,253000,46000,135000,188000,369000,4000,23000,34000,61000
Delaware,2008,3000,18000,36000,57000,11000,34000,41000,86000,1000,6000,11000,18000
"District of Columbia",2008,1000,15000,31000,47000,5000,29000,39000,73000,0,4000,14000,18000
Florida,2008,58000,263000,745000,1066000,175000,480000,905000,1560000,14000,85000,179000,278000
Georgia,2008,28000,152000,341000,521000,104000,270000,486000,860000,7000,40000,71000,118000
Hawaii,2008,5000,21000,53000,79000,13000,41000,72000,126000,1000,6000,12000,19000
Idaho,2008,7000,27000,54000,88000,18000,47000,67000,132000,2000,7000,7000,16000
Illinois,2008,46000,257000,500000,803000,142000,408000,566000,1116000,11000,68000,124000,203000
Indiana,2008,27000,115000,225000,367000,68000,185000,286000,539000,6000,34000,47000,87000
Iowa,2008,16000,67000,132000,215000,28000,70000,93000,191000,3000,12000,13000,28000
Kansas,2008,13000,62000,108000,183000,28000,82000,103000,213000,3000,16000,16000,35000
Kentucky,2008,13000,61000,137000,211000,37000,106000,169000,312000,3000,19000,26000,48000
Louisiana,2008,13000,78000,162000,253000,36000,122000,150000,308000,3000,25000,56000,84000
Maine,2008,4000,22000,50000,76000,14000,50000,89000,153000,1000,10000,15000,26000
Maryland,2008,17000,93000,220000,330000,63000,185000,252000,500000,4000,25000,45000,74000
Massachusetts,2008,24000,144000,242000,410000,82000,305000,418000,805000,6000,54000,75000,135000
Michigan,2008,41000,183000,412000,636000,120000,351000,545000,1016000,9000,62000,95000,166000
Minnesota,2008,24000,121000,254000,399000,48000,172000,232000,452000,5000,29000,43000,77000
Mississippi,2008,9000,44000,96000,149000,25000,67000,94000,186000,2000,10000,20000,32000
Missouri,2008,25000,110000,238000,373000,56000,170000,251000,477000,5000,36000,58000,99000
Montana,2008,6000,26000,47000,79000,12000,37000,51000,100000,1000,8000,10000,19000
Nebraska,2008,8000,40000,76000,124000,16000,51000,67000,134000,2000,10000,12000,24000
Nevada,2008,12000,41000,109000,162000,35000,72000,129000,236000,3000,17000,30000,50000
"New Hampshire",2008,5000,26000,53000,84000,18000,56000,93000,167000,1000,12000,17000,30000
"New Jersey",2008,26000,138000,314000,478000,82000,262000,321000,665000,7000,43000,75000,125000
"New Mexico",2008,11000,43000,87000,141000,28000,67000,84000,179000,2000,15000,18000,35000
"New York",2008,82000,410000,799000,1291000,228000,823000,1048000,2099000,17000,165000,254000,436000
"North Carolina",2008,25000,139000,310000,474000,98000,269000,423000,790000,7000,46000,105000,158000
"North Dakota",2008,3000,18000,24000,45000,5000,20000,19000,44000,1000,3000,3000,7000
Ohio,2008,49000,216000,463000,728000,122000,358000,483000,963000,10000,55000,77000,142000
Oklahoma,2008,15000,69000,140000,224000,37000,103000,161000,301000,3000,19000,22000,44000
Oregon,2008,18000,72000,181000,271000,54000,144000,261000,459000,4000,31000,49000,84000
Pennsylvania,2008,41000,229000,455000,725000,126000,386000,543000,1055000,11000,79000,149000,239000
"Rhode Island",2008,4000,23000,46000,73000,13000,50000,64000,127000,1000,12000,22000,35000
"South Carolina",2008,14000,76000,202000,292000,42000,120000,184000,346000,3000,23000,75000,101000
"South Dakota",2008,4000,21000,38000,63000,8000,23000,28000,59000,1000,4000,4000,9000
Tennessee,2008,16000,88000,215000,319000,52000,164000,281000,497000,5000,27000,50000,82000
Texas,2008,98000,404000,850000,1352000,238000,603000,769000,1610000,25000,139000,203000,367000
Utah,2008,8000,47000,74000,129000,25000,67000,62000,154000,3000,16000,12000,31000
Vermont,2008,2000,14000,26000,42000,8000,31000,46000,85000,1000,7000,9000,17000
Virginia,2008,31000,163000,319000,513000,83000,226000,311000,620000,6000,41000,64000,111000
Washington,2008,25000,111000,251000,387000,80000,234000,387000,701000,6000,43000,65000,114000
"West Virginia",2008,6000,27000,67000,100000,16000,47000,85000,148000,1000,14000,24000,39000
Wisconsin,2008,24000,121000,234000,379000,62000,192000,248000,502000,5000,45000,77000,127000
Wyoming,2008,3000,12000,23000,38000,6000,16000,21000,43000,0,3000,3000,6000
Alabama,2009,16000,71000,178000,265000,41000,118000,191000,350000,3000,13000,24000,40000
Alaska,2009,3000,13000,28000,44000,9000,30000,58000,97000,1000,5000,8000,14000
Arizona,2009,26000,119000,269000,414000,81000,194000,328000,603000,6000,39000,59000,104000
Arkansas,2009,11000,43000,102000,156000,28000,72000,123000,223000,2000,9000,16000,27000
California,2009,167000,689000,1566000,2422000,493000,1422000,2234000,4149000,40000,244000,352000,636000
Colorado,2009,22000,110000,227000,359000,73000,225000,400000,698000,4000,46000,75000,125000
Connecticut,2009,14000,70000,148000,232000,48000,146000,213000,407000,3000,19000,28000,50000
Delaware,2009,3000,16000,34000,53000,11000,34000,46000,91000,1000,5000,8000,14000
"District of Columbia",2009,1000,15000,33000,49000,6000,30000,47000,83000,0,4000,12000,16000
Florida,2009,59000,255000,739000,1053000,189000,530000,952000,1671000,12000,93000,182000,287000
Georgia,2009,30000,148000,320000,498000,109000,276000,439000,824000,6000,36000,69000,111000
Hawaii,2009,5000,22000,53000,80000,13000,41000,68000,122000,1000,6000,10000,17000
Idaho,2009,7000,28000,58000,93000,18000,51000,83000,152000,1000,6000,6000,13000
Illinois,2009,43000,247000,475000,765000,141000,455000,599000,1195000,9000,65000,109000,183000
Indiana,2009,23000,112000,245000,380000,65000,198000,274000,537000,5000,24000,33000,62000
Iowa,2009,13000,69000,124000,206000,31000,86000,105000,222000,3000,11000,12000,26000
Kansas,2009,12000,59000,110000,181000,29000,89000,105000,223000,2000,15000,19000,36000
Kentucky,2009,14000,63000,143000,220000,37000,102000,149000,288000,4000,17000,25000,46000
Louisiana,2009,12000,75000,154000,241000,39000,127000,153000,319000,3000,19000,38000,60000
Maine,2009,4000,21000,47000,72000,15000,54000,97000,166000,1000,9000,13000,23000
Maryland,2009,15000,85000,202000,302000,62000,191000,224000,477000,4000,26000,54000,84000
Massachusetts,2009,25000,152000,286000,463000,86000,339000,509000,934000,5000,62000,99000,166000
Michigan,2009,37000,173000,430000,640000,118000,358000,610000,1086000,7000,50000,81000,138000
Minnesota,2009,20000,102000,219000,341000,49000,175000,240000,464000,4000,21000,30000,55000
Mississippi,2009,9000,45000,99000,153000,27000,73000,102000,202000,2000,11000,25000,38000
Missouri,2009,22000,95000,210000,327000,58000,178000,269000,505000,4000,29000,50000,83000
Montana,2009,5000,25000,45000,75000,12000,41000,66000,119000,1000,6000,8000,15000
Nebraska,2009,7000,39000,67000,113000,15000,56000,68000,139000,1000,8000,11000,20000
Nevada,2009,11000,47000,123000,181000,32000,72000,138000,242000,2000,17000,33000,52000
"New Hampshire",2009,5000,26000,53000,84000,19000,59000,95000,173000,1000,12000,18000,31000
"New Jersey",2009,27000,127000,310000,464000,95000,278000,398000,771000,6000,52000,102000,160000
"New Mexico",2009,9000,37000,79000,125000,29000,73000,102000,204000,2000,15000,22000,39000
"New York",2009,75000,371000,758000,1204000,216000,773000,1142000,2131000,15000,144000,211000,370000
"North Carolina",2009,26000,136000,317000,479000,90000,299000,427000,816000,6000,43000,90000,139000
"North Dakota",2009,2000,18000,25000,45000,5000,21000,19000,45000,0,2000,2000,4000
Ohio,2009,43000,205000,457000,705000,121000,372000,499000,992000,9000,50000,83000,142000
Oklahoma,2009,14000,68000,147000,229000,41000,117000,173000,331000,3000,17000,21000,41000
Oregon,2009,15000,66000,175000,256000,56000,156000,294000,506000,4000,25000,34000,63000
Pennsylvania,2009,40000,226000,459000,725000,131000,428000,603000,1162000,8000,70000,128000,206000
"Rhode Island",2009,4000,23000,51000,78000,14000,55000,75000,144000,1000,10000,15000,26000
"South Carolina",2009,14000,70000,218000,302000,43000,138000,213000,394000,2000,20000,57000,79000
"South Dakota",2009,4000,19000,38000,61000,7000,24000,27000,58000,1000,3000,4000,8000
Tennessee,2009,18000,90000,225000,333000,54000,168000,274000,496000,4000,19000,40000,63000
Texas,2009,97000,415000,849000,1361000,263000,671000,875000,1809000,24000,132000,191000,347000
Utah,2009,10000,44000,70000,124000,24000,70000,57000,151000,3000,13000,13000,29000
Vermont,2009,2000,14000,26000,42000,8000,34000,50000,92000,1000,7000,9000,17000
Virginia,2009,30000,163000,330000,523000,78000,254000,334000,666000,5000,43000,70000,118000
Washington,2009,22000,107000,226000,355000,79000,272000,424000,775000,5000,45000,67000,117000
"West Virginia",2009,6000,26000,62000,94000,16000,50000,92000,158000,1000,11000,17000,29000
Wisconsin,2009,20000,107000,228000,355000,61000,188000,246000,495000,4000,38000,53000,95000
Wyoming,2009,2000,11000,21000,34000,6000,16000,20000,42000,0,3000,3000,6000
Alabama,2010,14000,64000,128000,206000,43000,120000,183000,346000,3000,13000,32000,48000
Alaska,2010,3000,13000,30000,46000,11000,29000,58000,98000,1000,4000,5000,10000
Arizona,2010,25000,116000,271000,412000,85000,190000,368000,643000,5000,34000,55000,94000
Arkansas,2010,9000,37000,80000,126000,26000,74000,120000,220000,2000,9000,16000,27000
California,2010,172000,705000,1432000,2309000,545000,1429000,2345000,4319000,42000,243000,292000,577000
Colorado,2010,18000,105000,225000,348000,77000,219000,389000,685000,5000,47000,46000,98000
Connecticut,2010,13000,61000,147000,221000,49000,134000,201000,384000,3000,23000,31000,57000
Delaware,2010,3000,14000,28000,45000,12000,36000,49000,97000,1000,5000,7000,13000
"District of Columbia",2010,1000,17000,41000,59000,6000,38000,54000,98000,0,4000,11000,15000
Florida,2010,55000,257000,616000,928000,190000,599000,947000,1736000,12000,101000,146000,259000
Georgia,2010,31000,134000,266000,431000,102000,259000,360000,721000,5000,27000,66000,98000
Hawaii,2010,5000,23000,55000,83000,15000,38000,72000,125000,1000,5000,10000,16000
Idaho,2010,6000,27000,57000,90000,20000,43000,85000,148000,1000,5000,8000,14000
Illinois,2010,41000,229000,465000,735000,139000,449000,609000,1197000,10000,65000,114000,189000
Indiana,2010,19000,111000,233000,363000,61000,206000,292000,559000,4000,22000,36000,62000
Iowa,2010,10000,64000,130000,204000,32000,99000,121000,252000,2000,12000,15000,29000
Kansas,2010,10000,51000,101000,162000,32000,83000,111000,226000,2000,13000,20000,35000
Kentucky,2010,12000,51000,111000,174000,40000,108000,168000,316000,3000,16000,29000,48000
Louisiana,2010,12000,72000,146000,230000,39000,119000,152000,310000,2000,16000,34000,52000
Maine,2010,3000,19000,43000,65000,15000,48000,92000,155000,1000,8000,11000,20000
Maryland,2010,15000,76000,156000,247000,63000,198000,209000,470000,3000,24000,45000,72000
Massachusetts,2010,24000,146000,310000,480000,91000,328000,447000,866000,5000,47000,61000,113000
Michigan,2010,33000,161000,388000,582000,118000,364000,611000,1093000,7000,44000,76000,127000
Minnesota,2010,18000,99000,219000,336000,58000,182000,235000,475000,3000,22000,32000,57000
Mississippi,2010,9000,40000,81000,130000,29000,77000,121000,227000,2000,7000,21000,30000
Missouri,2010,20000,90000,170000,280000,63000,183000,256000,502000,4000,25000,41000,70000
Montana,2010,4000,21000,45000,70000,15000,41000,79000,135000,1000,5000,6000,12000
Nebraska,2010,5000,32000,57000,94000,16000,50000,65000,131000,1000,8000,11000,20000
Nevada,2010,11000,50000,138000,199000,36000,83000,177000,296000,2000,15000,22000,39000
"New Hampshire",2010,5000,22000,47000,74000,20000,57000,80000,157000,1000,10000,10000,21000
"New Jersey",2010,33000,126000,323000,482000,104000,278000,391000,773000,6000,51000,83000,140000
"New Mexico",2010,7000,37000,75000,119000,32000,72000,122000,226000,2000,14000,20000,36000
"New York",2010,62000,318000,716000,1096000,207000,713000,1111000,2031000,12000,112000,184000,308000
"North Carolina",2010,29000,125000,266000,420000,106000,323000,423000,852000,7000,41000,77000,125000
"North Dakota",2010,2000,18000,29000,49000,6000,21000,22000,49000,0,2000,3000,5000
Ohio,2010,36000,188000,461000,685000,124000,382000,582000,1088000,8000,48000,83000,139000
Oklahoma,2010,11000,61000,152000,224000,39000,97000,173000,309000,3000,15000,24000,42000
Oregon,2010,12000,69000,179000,260000,54000,161000,323000,538000,4000,28000,34000,66000
Pennsylvania,2010,40000,213000,508000,761000,125000,439000,602000,1166000,8000,66000,104000,178000
"Rhode Island",2010,3000,25000,54000,82000,15000,60000,89000,164000,1000,9000,11000,21000
"South Carolina",2010,14000,66000,159000,239000,49000,141000,216000,406000,2000,15000,40000,57000
"South Dakota",2010,3000,16000,39000,58000,8000,20000,28000,56000,1000,2000,4000,7000
Tennessee,2010,18000,92000,212000,322000,58000,169000,261000,488000,4000,22000,46000,72000
Texas,2010,85000,417000,815000,1317000,273000,697000,890000,1860000,26000,122000,156000,304000
Utah,2010,10000,39000,52000,101000,26000,62000,67000,155000,2000,14000,17000,33000
Vermont,2010,2000,13000,24000,39000,10000,34000,54000,98000,1000,6000,5000,12000
Virginia,2010,26000,139000,279000,444000,81000,257000,321000,659000,5000,37000,52000,94000
Washington,2010,24000,122000,259000,405000,92000,277000,486000,855000,5000,42000,55000,102000
"West Virginia",2010,5000,27000,54000,86000,18000,56000,87000,161000,1000,9000,14000,24000
Wisconsin,2010,17000,92000,229000,338000,58000,175000,243000,476000,4000,30000,37000,71000
Wyoming,2010,2000,11000,22000,35000,6000,16000,23000,45000,0,3000,3000,6000
Alabama,2011,13000,62000,125000,200000,42000,126000,193000,361000,3000,14000,31000,48000
Alaska,2011,2000,13000,33000,48000,10000,31000,69000,110000,1000,4000,5000,10000
Arizona,2011,20000,101000,249000,370000,77000,207000,343000,627000,5000,40000,62000,107000
Arkansas,2011,7000,38000,82000,127000,29000,80000,119000,228000,2000,10000,20000,32000
California,2011,133000,685000,1401000,2219000,509000,1483000,2387000,4379000,34000,256000,305000,595000
Colorado,2011,15000,100000,225000,340000,70000,219000,397000,686000,4000,49000,49000,102000
Connecticut,2011,11000,60000,160000,231000,47000,144000,221000,412000,2000,25000,31000,58000
Delaware,2011,2000,16000,34000,52000,12000,39000,56000,107000,1000,5000,9000,15000
"District of Columbia",2011,1000,17000,45000,63000,5000,41000,60000,106000,0,5000,11000,16000
Florida,2011,42000,258000,655000,955000,179000,614000,1006000,1799000,9000,104000,165000,278000
Georgia,2011,25000,127000,270000,422000,103000,283000,391000,777000,5000,36000,84000,125000
Hawaii,2011,4000,24000,53000,81000,16000,44000,90000,150000,1000,6000,12000,19000
Idaho,2011,5000,25000,56000,86000,18000,42000,63000,123000,1000,6000,9000,16000
Illinois,2011,37000,214000,516000,767000,134000,451000,631000,1216000,8000,58000,125000,191000
Indiana,2011,19000,113000,236000,368000,64000,214000,302000,580000,4000,25000,38000,67000
Iowa,2011,8000,56000,123000,187000,30000,101000,131000,262000,2000,11000,16000,29000
Kansas,2011,8000,42000,93000,143000,27000,77000,91000,195000,2000,12000,18000,32000
Kentucky,2011,11000,55000,126000,192000,40000,122000,179000,341000,3000,17000,31000,51000
Louisiana,2011,12000,73000,162000,247000,39000,129000,198000,366000,2000,18000,40000,60000
Maine,2011,3000,20000,50000,73000,15000,47000,101000,163000,1000,7000,12000,20000
Maryland,2011,15000,84000,198000,297000,64000,209000,239000,512000,3000,22000,41000,66000
Massachusetts,2011,20000,125000,300000,445000,88000,311000,468000,867000,5000,42000,57000,104000
Michigan,2011,31000,153000,398000,582000,122000,378000,652000,1152000,6000,39000,67000,112000
Minnesota,2011,16000,94000,218000,328000,58000,193000,276000,527000,3000,21000,36000,60000
Mississippi,2011,8000,38000,80000,126000,28000,83000,113000,224000,2000,8000,23000,33000
Missouri,2011,17000,89000,202000,308000,63000,187000,261000,511000,3000,22000,37000,62000
Montana,2011,4000,20000,45000,69000,14000,41000,80000,135000,1000,6000,6000,13000
Nebraska,2011,6000,33000,69000,108000,18000,53000,68000,139000,1000,9000,12000,22000
Nevada,2011,9000,47000,141000,197000,37000,90000,199000,326000,2000,12000,17000,31000
"New Hampshire",2011,4000,24000,49000,77000,18000,59000,88000,165000,1000,10000,11000,22000
"New Jersey",2011,28000,139000,331000,498000,94000,296000,380000,770000,5000,47000,86000,138000
"New Mexico",2011,8000,35000,82000,125000,33000,75000,138000,246000,2000,13000,20000,35000
"New York",2011,53000,292000,735000,1080000,204000,782000,1239000,2225000,11000,126000,211000,348000
"North Carolina",2011,24000,118000,245000,387000,104000,316000,405000,825000,6000,44000,75000,125000
"North Dakota",2011,2000,18000,30000,50000,6000,25000,25000,56000,0,3000,4000,7000
Ohio,2011,31000,175000,453000,659000,131000,393000,697000,1221000,6000,46000,95000,147000
Oklahoma,2011,11000,63000,178000,252000,38000,108000,176000,322000,2000,14000,23000,39000
Oregon,2011,10000,66000,171000,247000,49000,155000,368000,572000,3000,28000,33000,64000
Pennsylvania,2011,38000,201000,468000,707000,124000,449000,624000,1197000,6000,58000,123000,187000
"Rhode Island",2011,3000,25000,51000,79000,16000,61000,98000,175000,1000,9000,14000,24000
"South Carolina",2011,13000,68000,154000,235000,49000,158000,240000,447000,2000,19000,45000,66000
"South Dakota",2011,3000,16000,40000,59000,8000,24000,36000,68000,0,3000,4000,7000
Tennessee,2011,17000,84000,209000,310000,56000,170000,250000,476000,4000,24000,46000,74000
Texas,2011,80000,414000,852000,1346000,279000,720000,930000,1929000,25000,123000,139000,287000
Utah,2011,7000,39000,59000,105000,27000,68000,74000,169000,2000,15000,20000,37000
Vermont,2011,2000,12000,22000,36000,10000,34000,60000,104000,0,5000,6000,11000
Virginia,2011,19000,123000,260000,402000,85000,269000,336000,690000,4000,32000,50000,86000
Washington,2011,22000,122000,296000,440000,87000,267000,524000,878000,4000,36000,51000,91000
"West Virginia",2011,5000,28000,58000,91000,17000,56000,84000,157000,1000,9000,14000,24000
Wisconsin,2011,16000,91000,234000,341000,56000,181000,258000,495000,3000,24000,36000,63000
Wyoming,2011,2000,11000,23000,36000,6000,17000,28000,51000,0,3000,3000,6000
Alabama,2012,13000,65000,170000,248000,40000,136000,213000,389000,2000,14000,32000,48000
Alaska,2012,2000,11000,29000,42000,9000,29000,75000,113000,0,4000,5000,9000
Arizona,2012,19000,97000,272000,388000,81000,225000,392000,698000,6000,44000,70000,120000
Arkansas,2012,7000,38000,91000,136000,30000,78000,128000,236000,1000,10000,21000,32000
California,2012,95000,653000,1559000,2307000,444000,1519000,2421000,4384000,25000,278000,361000,664000
Colorado,2012,14000,92000,219000,325000,75000,240000,499000,814000,4000,46000,66000,116000
Connecticut,2012,8000,54000,152000,214000,46000,148000,231000,425000,2000,24000,35000,61000
Delaware,2012,2000,16000,36000,54000,11000,39000,57000,107000,0,5000,8000,13000
"District of Columbia",2012,1000,17000,48000,66000,6000,41000,69000,116000,0,5000,13000,18000
Florida,2012,38000,236000,734000,1008000,189000,632000,1063000,1884000,10000,102000,189000,301000
Georgia,2012,19000,121000,305000,445000,105000,303000,518000,926000,4000,37000,106000,147000
Hawaii,2012,3000,22000,60000,85000,15000,44000,93000,152000,1000,6000,11000,18000
Idaho,2012,5000,23000,59000,87000,18000,44000,66000,128000,1000,6000,8000,15000
Illinois,2012,27000,190000,472000,689000,132000,438000,677000,1247000,5000,54000,124000,183000
Indiana,2012,19000,107000,252000,378000,66000,232000,300000,598000,3000,30000,42000,75000
Iowa,2012,8000,48000,103000,159000,29000,104000,133000,266000,1000,13000,20000,34000
Kansas,2012,8000,44000,114000,166000,24000,78000,90000,192000,1000,11000,19000,31000
Kentucky,2012,10000,60000,144000,214000,34000,125000,175000,334000,2000,20000,35000,57000
Louisiana,2012,11000,60000,155000,226000,45000,140000,219000,404000,2000,18000,46000,66000
Maine,2012,3000,19000,50000,72000,15000,50000,121000,186000,1000,6000,10000,17000
Maryland,2012,13000,83000,224000,320000,66000,216000,282000,564000,2000,24000,46000,72000
Massachusetts,2012,16000,115000,272000,403000,74000,324000,487000,885000,4000,46000,79000,129000
Michigan,2012,25000,150000,396000,571000,130000,383000,755000,1268000,3000,30000,57000,90000
Minnesota,2012,13000,79000,204000,296000,51000,183000,302000,536000,2000,19000,38000,59000
Mississippi,2012,7000,38000,96000,141000,25000,86000,102000,213000,1000,9000,24000,34000
Missouri,2012,17000,90000,227000,334000,65000,210000,307000,582000,2000,18000,33000,53000
Montana,2012,4000,20000,47000,71000,12000,38000,84000,134000,1000,5000,7000,13000
Nebraska,2012,6000,34000,79000,119000,19000,58000,75000,152000,1000,7000,11000,19000
Nevada,2012,7000,40000,129000,176000,35000,88000,200000,323000,1000,11000,21000,33000
"New Hampshire",2012,5000,27000,55000,87000,18000,62000,95000,175000,1000,10000,12000,23000
"New Jersey",2012,20000,126000,347000,493000,85000,274000,400000,759000,5000,45000,76000,126000
"New Mexico",2012,7000,32000,87000,126000,31000,73000,153000,257000,2000,12000,23000,37000
"New York",2012,47000,289000,754000,1090000,213000,762000,1367000,2342000,9000,124000,212000,345000
"North Carolina",2012,23000,129000,319000,471000,97000,300000,480000,877000,5000,44000,82000,131000
"North Dakota",2012,2000,17000,30000,49000,5000,27000,27000,59000,0,3000,5000,8000
Ohio,2012,28000,168000,426000,622000,123000,385000,729000,1237000,4000,49000,100000,153000
Oklahoma,2012,10000,57000,159000,226000,32000,115000,163000,310000,1000,13000,21000,35000
Oregon,2012,10000,60000,165000,235000,50000,148000,432000,630000,2000,24000,33000,59000
Pennsylvania,2012,32000,205000,462000,699000,125000,458000,640000,1223000,4000,57000,122000,183000
"Rhode Island",2012,2000,24000,50000,76000,16000,60000,106000,182000,0,7000,12000,19000
"South Carolina",2012,11000,62000,163000,236000,49000,166000,245000,460000,2000,19000,42000,63000
"South Dakota",2012,2000,16000,36000,54000,6000,23000,36000,65000,0,3000,5000,8000
Tennessee,2012,16000,81000,204000,301000,63000,182000,290000,535000,3000,22000,48000,73000
Texas,2012,71000,389000,945000,1405000,259000,742000,972000,1973000,17000,119000,162000,298000
Utah,2012,7000,42000,71000,120000,27000,75000,93000,195000,1000,13000,20000,34000
Vermont,2012,2000,12000,23000,37000,9000,34000,60000,103000,0,5000,6000,11000
Virginia,2012,20000,143000,337000,500000,88000,291000,460000,839000,3000,30000,67000,100000
Washington,2012,18000,110000,310000,438000,87000,277000,643000,1007000,4000,39000,55000,98000
"West Virginia",2012,5000,24000,67000,96000,15000,50000,94000,159000,1000,7000,14000,22000
Wisconsin,2012,17000,99000,254000,370000,59000,190000,284000,533000,2000,21000,44000,67000
Wyoming,2012,2000,11000,26000,39000,5000,16000,27000,48000,0,2000,3000,5000
Alabama,2013,11000,57000,164000,232000,38000,145000,221000,404000,2000,17000,31000,50000
Alaska,2013,1000,11000,27000,39000,10000,30000,73000,113000,0,3000,5000,8000
Arizona,2013,18000,96000,304000,418000,82000,231000,439000,752000,5000,46000,72000,123000
Arkansas,2013,6000,33000,89000,128000,30000,85000,162000,277000,1000,8000,14000,23000
California,2013,85000,582000,1460000,2127000,463000,1506000,2664000,4633000,28000,273000,382000,683000
Colorado,2013,14000,81000,234000,329000,85000,253000,571000,909000,4000,42000,67000,113000
Connecticut,2013,8000,54000,144000,206000,45000,148000,234000,427000,2000,25000,39000,66000
Delaware,2013,2000,14000,32000,48000,10000,39000,60000,109000,0,5000,9000,14000
"District of Columbia",2013,1000,14000,40000,55000,6000,38000,77000,121000,0,5000,14000,19000
Florida,2013,39000,214000,755000,1008000,196000,666000,1128000,1990000,10000,110000,211000,331000
Georgia,2013,20000,131000,355000,506000,94000,308000,561000,963000,4000,33000,81000,118000
Hawaii,2013,2000,18000,57000,77000,13000,38000,92000,143000,0,6000,11000,17000
Idaho,2013,5000,22000,61000,88000,20000,47000,85000,152000,1000,5000,7000,13000
Illinois,2013,23000,183000,454000,660000,125000,434000,746000,1305000,6000,63000,116000,185000
Indiana,2013,16000,98000,250000,364000,68000,264000,369000,701000,2000,28000,35000,65000
Iowa,2013,6000,49000,105000,160000,24000,103000,124000,251000,1000,14000,18000,33000
Kansas,2013,7000,45000,122000,174000,28000,93000,138000,259000,2000,12000,18000,32000
Kentucky,2013,8000,56000,138000,202000,35000,132000,231000,398000,2000,20000,35000,57000
Louisiana,2013,10000,53000,166000,229000,43000,143000,239000,425000,2000,16000,44000,62000
Maine,2013,3000,17000,46000,66000,16000,54000,155000,225000,0,6000,10000,16000
Maryland,2013,12000,75000,243000,330000,68000,229000,372000,669000,2000,23000,42000,67000
Massachusetts,2013,15000,112000,255000,382000,76000,334000,579000,989000,3000,49000,82000,134000
Michigan,2013,19000,142000,349000,510000,120000,391000,793000,1304000,3000,35000,49000,87000
Minnesota,2013,10000,77000,198000,285000,50000,188000,315000,553000,2000,21000,33000,56000
Mississippi,2013,6000,34000,101000,141000,26000,86000,117000,229000,1000,6000,17000,24000
Missouri,2013,13000,85000,222000,320000,59000,219000,362000,640000,2000,22000,33000,57000
Montana,2013,3000,17000,45000,65000,10000,33000,77000,120000,0,4000,6000,10000
Nebraska,2013,4000,33000,78000,115000,17000,61000,80000,158000,1000,7000,10000,18000
Nevada,2013,7000,36000,116000,159000,32000,90000,182000,304000,2000,12000,24000,38000
"New Hampshire",2013,4000,24000,59000,87000,18000,63000,113000,194000,1000,12000,15000,28000
"New Jersey",2013,23000,106000,357000,486000,90000,268000,485000,843000,3000,36000,60000,99000
"New Mexico",2013,4000,30000,84000,118000,27000,72000,168000,267000,1000,14000,22000,37000
"New York",2013,39000,267000,795000,1101000,201000,728000,1443000,2372000,10000,120000,250000,380000
"North Carolina",2013,20000,129000,352000,501000,98000,307000,580000,985000,4000,42000,71000,117000
"North Dakota",2013,2000,15000,30000,47000,5000,27000,29000,61000,0,3000,4000,7000
Ohio,2013,25000,160000,460000,645000,105000,381000,635000,1121000,4000,47000,83000,134000
Oklahoma,2013,7000,48000,146000,201000,36000,121000,181000,338000,1000,13000,16000,30000
Oregon,2013,10000,56000,167000,233000,53000,157000,439000,649000,2000,25000,39000,66000
Pennsylvania,2013,25000,194000,499000,718000,116000,445000,704000,1265000,5000,58000,103000,166000
"Rhode Island",2013,2000,21000,46000,69000,13000,58000,100000,171000,0,8000,10000,18000
"South Carolina",2013,9000,55000,170000,234000,45000,149000,265000,459000,1000,15000,29000,45000
"South Dakota",2013,2000,14000,36000,52000,7000,23000,33000,63000,0,2000,4000,6000
Tennessee,2013,13000,81000,200000,294000,59000,179000,322000,560000,2000,23000,35000,60000
Texas,2013,66000,349000,981000,1396000,251000,760000,1032000,2043000,14000,111000,159000,284000
Utah,2013,7000,42000,75000,124000,29000,84000,111000,224000,1000,12000,12000,25000
Vermont,2013,2000,11000,26000,39000,8000,34000,66000,108000,0,5000,6000,11000
Virginia,2013,17000,136000,331000,484000,79000,290000,523000,892000,3000,34000,71000,108000
Washington,2013,15000,94000,273000,382000,93000,271000,741000,1105000,4000,41000,67000,112000
"West Virginia",2013,4000,23000,72000,99000,14000,54000,104000,172000,1000,7000,11000,19000
Wisconsin,2013,17000,103000,256000,376000,63000,200000,309000,572000,3000,29000,56000,88000
Wyoming,2013,2000,9000,25000,36000,5000,18000,29000,52000,0,2000,3000,5000
Alabama,2014,8000,51000,129000,188000,37000,139000,214000,390000,2000,17000,31000,50000
Alaska,2014,2000,10000,31000,43000,11000,34000,82000,127000,0,4000,7000,11000
Arizona,2014,16000,92000,265000,373000,74000,231000,430000,735000,5000,51000,72000,128000
Arkansas,2014,7000,31000,82000,120000,29000,86000,169000,284000,1000,9000,16000,26000
California,2014,83000,528000,1510000,2121000,431000,1459000,3046000,4936000,29000,263000,407000,699000
Colorado,2014,13000,74000,248000,335000,76000,266000,691000,1033000,4000,51000,69000,124000
Connecticut,2014,8000,50000,153000,211000,44000,162000,272000,478000,2000,29000,43000,74000
Delaware,2014,2000,12000,32000,46000,9000,37000,57000,103000,0,6000,11000,17000
"District of Columbia",2014,1000,12000,34000,47000,5000,41000,88000,134000,0,5000,13000,18000
Florida,2014,38000,204000,767000,1009000,189000,652000,1311000,2152000,9000,117000,199000,325000
Georgia,2014,18000,118000,319000,455000,99000,327000,625000,1051000,4000,43000,95000,142000
Hawaii,2014,2000,15000,45000,62000,13000,38000,95000,146000,1000,7000,14000,22000
Idaho,2014,4000,21000,56000,81000,19000,45000,88000,152000,1000,6000,7000,14000
Illinois,2014,25000,168000,457000,650000,118000,444000,777000,1339000,6000,67000,121000,194000
Indiana,2014,14000,93000,218000,325000,75000,249000,436000,760000,3000,29000,36000,68000
Iowa,2014,6000,46000,112000,164000,23000,98000,114000,235000,1000,13000,13000,27000
Kansas,2014,6000,41000,95000,142000,30000,96000,167000,293000,1000,12000,15000,28000
Kentucky,2014,8000,48000,150000,206000,40000,136000,274000,450000,2000,22000,34000,58000
Louisiana,2014,9000,54000,188000,251000,37000,142000,249000,428000,2000,19000,46000,67000
Maine,2014,2000,15000,44000,61000,16000,53000,158000,227000,1000,8000,12000,21000
Maryland,2014,12000,70000,247000,329000,66000,244000,447000,757000,2000,23000,50000,75000
Massachusetts,2014,15000,99000,274000,388000,78000,333000,648000,1059000,3000,57000,81000,141000
Michigan,2014,21000,128000,325000,474000,111000,372000,783000,1266000,3000,40000,61000,104000
Minnesota,2014,9000,76000,203000,288000,49000,203000,327000,579000,2000,28000,39000,69000
Mississippi,2014,5000,30000,90000,125000,23000,73000,115000,211000,1000,6000,17000,24000
Missouri,2014,11000,83000,217000,311000,61000,215000,407000,683000,2000,27000,39000,68000
Montana,2014,2000,16000,42000,60000,11000,37000,84000,132000,0,5000,7000,12000
Nebraska,2014,4000,28000,74000,106000,15000,64000,86000,165000,1000,8000,12000,21000
Nevada,2014,7000,34000,108000,149000,30000,88000,191000,309000,2000,12000,21000,35000
"New Hampshire",2014,3000,20000,60000,83000,16000,60000,123000,199000,1000,15000,19000,35000
"New Jersey",2014,23000,102000,306000,431000,87000,293000,515000,895000,4000,41000,84000,129000
"New Mexico",2014,4000,27000,85000,116000,25000,71000,157000,253000,1000,13000,18000,32000
"New York",2014,36000,258000,779000,1073000,188000,801000,1530000,2519000,10000,140000,274000,424000
"North Carolina",2014,16000,116000,306000,438000,89000,332000,554000,975000,4000,54000,90000,148000
"North Dakota",2014,2000,14000,28000,44000,6000,28000,27000,61000,0,4000,3000,7000
Ohio,2014,22000,143000,463000,628000,104000,394000,681000,1179000,5000,52000,84000,141000
Oklahoma,2014,7000,48000,142000,197000,37000,119000,202000,358000,2000,15000,18000,35000
Oregon,2014,9000,52000,174000,235000,51000,165000,443000,659000,2000,28000,42000,72000
Pennsylvania,2014,24000,181000,494000,699000,111000,442000,786000,1339000,5000,64000,106000,175000
"Rhode Island",2014,2000,18000,43000,63000,12000,57000,101000,170000,1000,10000,12000,23000
"South Carolina",2014,9000,55000,176000,240000,44000,166000,298000,508000,2000,23000,41000,66000
"South Dakota",2014,2000,14000,36000,52000,7000,26000,41000,74000,0,3000,4000,7000
Tennessee,2014,11000,73000,206000,290000,57000,189000,360000,606000,3000,30000,51000,84000
Texas,2014,70000,327000,907000,1304000,276000,771000,1166000,2213000,16000,128000,166000,310000
Utah,2014,7000,37000,68000,112000,26000,81000,104000,211000,1000,10000,9000,20000
Vermont,2014,1000,12000,25000,38000,7000,36000,68000,111000,0,7000,7000,14000
Virginia,2014,14000,103000,281000,398000,71000,270000,455000,796000,3000,31000,51000,85000
Washington,2014,15000,86000,236000,337000,83000,261000,693000,1037000,4000,40000,65000,109000
"West Virginia",2014,4000,22000,61000,87000,16000,57000,101000,174000,1000,10000,13000,24000
Wisconsin,2014,14000,91000,250000,355000,63000,201000,320000,584000,3000,31000,43000,77000
Wyoming,2014,1000,8000,21000,30000,6000,17000,29000,52000,0,2000,3000,5000
Alabama,2015,6000,47000,115000,168000,38000,135000,212000,385000,1000,15000,32000,48000
Alaska,2015,2000,8000,30000,40000,11000,34000,89000,134000,1000,5000,7000,13000
Arizona,2015,13000,85000,206000,304000,65000,214000,417000,696000,4000,46000,67000,117000
Arkansas,2015,5000,31000,86000,122000,25000,83000,166000,274000,1000,10000,19000,30000
California,2015,71000,468000,1549000,2088000,402000,1495000,3399000,5296000,23000,315000,452000,790000
Colorado,2015,11000,69000,213000,293000,68000,284000,705000,1057000,4000,49000,57000,110000
Connecticut,2015,8000,44000,155000,207000,39000,169000,252000,460000,2000,35000,39000,76000
Delaware,2015,1000,10000,37000,48000,10000,35000,61000,106000,0,6000,9000,15000
"District of Columbia",2015,1000,12000,36000,49000,4000,48000,91000,143000,0,6000,14000,20000
Florida,2015,31000,196000,753000,980000,179000,664000,1432000,2275000,6000,105000,171000,282000
Georgia,2015,15000,97000,265000,377000,93000,338000,617000,1048000,3000,51000,106000,160000
Hawaii,2015,2000,13000,42000,57000,13000,38000,100000,151000,1000,7000,15000,23000
Idaho,2015,4000,19000,53000,76000,17000,44000,97000,158000,1000,7000,9000,17000
Illinois,2015,23000,150000,428000,601000,121000,447000,753000,1321000,5000,68000,113000,186000
Indiana,2015,11000,85000,198000,294000,73000,226000,435000,734000,3000,29000,40000,72000
Iowa,2015,6000,43000,118000,167000,25000,96000,133000,254000,1000,13000,16000,30000
Kansas,2015,6000,39000,76000,121000,30000,88000,147000,265000,2000,13000,15000,30000
Kentucky,2015,7000,47000,143000,197000,42000,139000,290000,471000,2000,24000,35000,61000
Louisiana,2015,10000,50000,189000,249000,37000,142000,250000,429000,1000,22000,41000,64000
Maine,2015,2000,14000,49000,65000,15000,52000,161000,228000,1000,8000,12000,21000
Maryland,2015,9000,71000,219000,299000,63000,259000,457000,779000,2000,32000,56000,90000
Massachusetts,2015,12000,102000,324000,438000,70000,345000,672000,1087000,4000,72000,88000,164000
Michigan,2015,18000,120000,345000,483000,112000,384000,821000,1317000,3000,42000,76000,121000
Minnesota,2015,9000,70000,184000,263000,55000,184000,354000,593000,3000,32000,47000,82000
Mississippi,2015,4000,28000,80000,112000,24000,78000,130000,232000,1000,9000,22000,32000
Missouri,2015,10000,77000,207000,294000,59000,211000,398000,668000,2000,25000,38000,65000
Montana,2015,2000,16000,45000,63000,13000,42000,105000,160000,1000,6000,9000,16000
Nebraska,2015,4000,24000,64000,92000,17000,64000,95000,176000,1000,10000,11000,22000
Nevada,2015,6000,32000,92000,130000,33000,84000,202000,319000,1000,14000,29000,44000
"New Hampshire",2015,2000,17000,50000,69000,14000,58000,130000,202000,1000,15000,15000,31000
"New Jersey",2015,15000,100000,249000,364000,75000,315000,517000,907000,4000,59000,82000,145000
"New Mexico",2015,5000,26000,90000,121000,25000,73000,173000,271000,2000,12000,19000,33000
"New York",2015,31000,245000,741000,1017000,175000,812000,1503000,2490000,6000,127000,265000,398000
"North Carolina",2015,13000,95000,281000,389000,85000,321000,589000,995000,3000,60000,94000,157000
"North Dakota",2015,1000,13000,29000,43000,6000,25000,29000,60000,0,4000,3000,7000
Ohio,2015,20000,141000,430000,591000,109000,403000,832000,1344000,4000,59000,98000,161000
Oklahoma,2015,7000,42000,126000,175000,35000,114000,208000,357000,2000,18000,25000,45000
Oregon,2015,8000,50000,186000,244000,51000,184000,548000,783000,3000,33000,50000,86000
Pennsylvania,2015,20000,161000,428000,609000,101000,436000,877000,1414000,5000,70000,127000,202000
"Rhode Island",2015,2000,15000,45000,62000,13000,54000,117000,184000,1000,11000,13000,25000
"South Carolina",2015,8000,56000,172000,236000,41000,152000,255000,448000,1000,27000,41000,69000
"South Dakota",2015,2000,12000,37000,51000,8000,25000,50000,83000,0,3000,5000,8000
Tennessee,2015,9000,72000,198000,279000,60000,207000,442000,709000,2000,33000,58000,93000
Texas,2015,57000,299000,783000,1139000,251000,784000,1229000,2264000,14000,145000,157000,316000
Utah,2015,6000,34000,62000,102000,28000,84000,116000,228000,2000,14000,14000,30000
Vermont,2015,1000,11000,24000,36000,7000,36000,76000,119000,0,8000,8000,16000
Virginia,2015,13000,96000,286000,395000,66000,274000,429000,769000,3000,38000,62000,103000
Washington,2015,12000,80000,253000,345000,72000,284000,784000,1140000,4000,43000,70000,117000
"West Virginia",2015,3000,21000,47000,71000,16000,52000,111000,179000,1000,10000,13000,24000
Wisconsin,2015,12000,88000,248000,348000,62000,191000,339000,592000,3000,27000,37000,67000
Wyoming,2015,1000,8000,22000,31000,6000,17000,29000,52000,0,3000,3000,6000
Alabama,2016,6000,41000,137000,184000,36000,136000,257000,429000,1000,20000,45000,66000
Alaska,2016,1000,9000,29000,39000,10000,30000,93000,133000,0,4000,9000,13000
Arizona,2016,10000,84000,223000,317000,61000,222000,518000,801000,4000,44000,75000,123000
Arkansas,2016,5000,29000,99000,133000,26000,86000,201000,313000,1000,12000,24000,37000
California,2016,61000,428000,1322000,1811000,404000,1579000,3730000,5713000,21000,345000,523000,889000
Colorado,2016,9000,72000,212000,293000,72000,289000,794000,1155000,3000,49000,72000,124000
Connecticut,2016,7000,44000,136000,187000,41000,176000,280000,497000,2000,33000,50000,85000
Delaware,2016,1000,10000,39000,50000,9000,36000,75000,120000,0,6000,10000,16000
"District of Columbia",2016,1000,12000,40000,53000,5000,48000,102000,155000,0,6000,19000,25000
Florida,2016,29000,195000,713000,937000,191000,701000,1534000,2426000,6000,122000,218000,346000
Georgia,2016,11000,87000,279000,377000,90000,331000,572000,993000,3000,49000,96000,148000
Hawaii,2016,2000,14000,44000,60000,11000,35000,106000,152000,1000,7000,14000,22000
Idaho,2016,3000,18000,60000,81000,18000,50000,107000,175000,1000,8000,10000,19000
Illinois,2016,24000,164000,481000,669000,134000,477000,870000,1481000,5000,79000,124000,208000
Indiana,2016,9000,79000,201000,289000,72000,251000,473000,796000,3000,42000,60000,105000
Iowa,2016,5000,51000,128000,184000,25000,111000,162000,298000,1000,16000,20000,37000
Kansas,2016,6000,37000,89000,132000,28000,94000,162000,284000,1000,16000,20000,37000
Kentucky,2016,5000,42000,135000,182000,41000,135000,300000,476000,2000,22000,35000,59000
Louisiana,2016,8000,49000,179000,236000,36000,142000,290000,468000,1000,18000,36000,55000
Maine,2016,2000,13000,50000,65000,14000,57000,182000,253000,1000,8000,13000,22000
Maryland,2016,7000,64000,201000,272000,62000,240000,478000,780000,2000,38000,67000,107000
Massachusetts,2016,11000,112000,296000,419000,79000,356000,737000,1172000,3000,74000,102000,179000
Michigan,2016,14000,106000,342000,462000,109000,418000,879000,1406000,3000,52000,87000,142000
Minnesota,2016,7000,63000,164000,234000,56000,188000,391000,635000,2000,28000,49000,79000
Mississippi,2016,3000,26000,79000,108000,26000,87000,166000,279000,1000,9000,22000,32000
Missouri,2016,9000,61000,201000,271000,55000,206000,438000,699000,2000,29000,50000,81000
Montana,2016,3000,15000,49000,67000,12000,45000,115000,172000,1000,6000,10000,17000
Nebraska,2016,3000,27000,61000,91000,19000,65000,96000,180000,1000,12000,13000,26000
Nevada,2016,5000,33000,101000,139000,33000,102000,282000,417000,1000,17000,40000,58000
"New Hampshire",2016,2000,18000,51000,71000,15000,61000,139000,215000,1000,13000,12000,26000
"New Jersey",2016,11000,99000,248000,358000,71000,315000,526000,912000,3000,58000,80000,141000
"New Mexico",2016,4000,24000,76000,104000,26000,74000,202000,302000,1000,12000,21000,34000
"New York",2016,25000,211000,716000,952000,167000,778000,1491000,2436000,6000,125000,283000,414000
"North Carolina",2016,10000,77000,285000,372000,83000,311000,630000,1024000,3000,54000,100000,157000
"North Dakota",2016,1000,12000,27000,40000,5000,24000,38000,67000,0,5000,4000,9000
Ohio,2016,15000,139000,392000,546000,110000,419000,814000,1343000,5000,63000,105000,173000
Oklahoma,2016,6000,42000,141000,189000,36000,124000,228000,388000,2000,23000,30000,55000
Oregon,2016,9000,52000,200000,261000,50000,199000,680000,929000,3000,37000,64000,104000
Pennsylvania,2016,14000,137000,389000,540000,96000,448000,890000,1434000,5000,74000,136000,215000
"Rhode Island",2016,2000,16000,44000,62000,11000,56000,122000,189000,1000,10000,14000,25000
"South Carolina",2016,6000,58000,162000,226000,39000,144000,279000,462000,1000,30000,49000,80000
"South Dakota",2016,2000,13000,38000,53000,8000,27000,52000,87000,0,3000,4000,7000
Tennessee,2016,8000,65000,196000,269000,60000,223000,465000,748000,3000,37000,65000,105000
Texas,2016,39000,280000,722000,1041000,234000,808000,1354000,2396000,11000,136000,186000,333000
Utah,2016,5000,35000,79000,119000,28000,93000,133000,254000,2000,18000,21000,41000
Vermont,2016,1000,12000,26000,39000,8000,37000,85000,130000,0,9000,10000,19000
Virginia,2016,12000,95000,277000,384000,65000,272000,486000,823000,3000,46000,86000,135000
Washington,2016,12000,78000,283000,373000,80000,312000,986000,1378000,4000,48000,91000,143000
"West Virginia",2016,2000,17000,50000,69000,14000,52000,134000,200000,1000,9000,16000,26000
Wisconsin,2016,10000,90000,239000,339000,56000,189000,375000,620000,3000,39000,57000,99000
Wyoming,2016,1000,7000,22000,30000,5000,18000,36000,59000,0,3000,4000,7000
Alabama,2017,6000,40000,145000,191000,38000,138000,338000,514000,1000,23000,45000,69000
Alaska,2017,1000,9000,30000,40000,10000,29000,101000,140000,0,4000,9000,13000
Arizona,2017,10000,74000,231000,315000,67000,244000,677000,988000,3000,42000,72000,117000
Arkansas,2017,5000,29000,98000,132000,27000,84000,222000,333000,1000,12000,22000,35000
California,2017,56000,437000,1455000,1948000,418000,1668000,4005000,6091000,15000,326000,585000,926000
Colorado,2017,10000,89000,296000,395000,73000,289000,904000,1266000,3000,68000,109000,180000
Connecticut,2017,5000,47000,131000,183000,44000,180000,342000,566000,1000,24000,38000,63000
Delaware,2017,1000,10000,40000,51000,10000,39000,91000,140000,0,6000,11000,17000
"District of Columbia",2017,1000,12000,47000,60000,5000,45000,106000,156000,0,6000,20000,26000
Florida,2017,22000,162000,632000,816000,186000,678000,1722000,2586000,7000,119000,235000,361000
Georgia,2017,12000,89000,289000,390000,101000,342000,724000,1167000,3000,51000,103000,157000
Hawaii,2017,2000,14000,45000,61000,11000,35000,120000,166000,0,7000,16000,23000
Idaho,2017,3000,18000,57000,78000,19000,51000,126000,196000,1000,7000,11000,19000
Illinois,2017,19000,152000,473000,644000,139000,465000,1031000,1635000,5000,81000,153000,239000
Indiana,2017,8000,75000,184000,267000,70000,264000,533000,867000,3000,48000,67000,118000
Iowa,2017,5000,51000,120000,176000,26000,113000,187000,326000,1000,17000,21000,39000
Kansas,2017,5000,33000,85000,123000,28000,95000,204000,327000,1000,16000,22000,39000
Kentucky,2017,5000,38000,129000,172000,40000,126000,312000,478000,2000,23000,39000,64000
Louisiana,2017,7000,51000,188000,246000,33000,137000,297000,467000,1000,19000,37000,57000
Maine,2017,2000,14000,55000,71000,14000,60000,203000,277000,1000,9000,14000,24000
Maryland,2017,6000,51000,184000,241000,56000,226000,456000,738000,1000,32000,64000,97000
Massachusetts,2017,10000,110000,277000,397000,82000,368000,768000,1218000,3000,72000,98000,173000
Michigan,2017,12000,105000,332000,449000,105000,447000,1011000,1563000,3000,66000,95000,164000
Minnesota,2017,7000,62000,174000,243000,54000,212000,462000,728000,2000,38000,72000,112000
Mississippi,2017,3000,24000,80000,107000,26000,80000,178000,284000,1000,10000,25000,36000
Missouri,2017,8000,55000,194000,257000,56000,203000,484000,743000,2000,26000,46000,74000
Montana,2017,2000,15000,49000,66000,11000,44000,119000,174000,0,7000,10000,17000
Nebraska,2017,3000,26000,62000,91000,19000,68000,112000,199000,1000,13000,15000,29000
Nevada,2017,4000,29000,105000,138000,33000,121000,397000,551000,1000,17000,39000,57000
"New Hampshire",2017,2000,21000,55000,78000,15000,64000,160000,239000,1000,15000,16000,32000
"New Jersey",2017,10000,87000,263000,360000,76000,299000,557000,932000,2000,38000,71000,111000
"New Mexico",2017,3000,21000,66000,90000,27000,73000,225000,325000,1000,13000,22000,36000
"New York",2017,20000,188000,680000,888000,172000,795000,1589000,2556000,5000,144000,290000,439000
"North Carolina",2017,12000,88000,312000,412000,90000,323000,691000,1104000,3000,51000,104000,158000
"North Dakota",2017,1000,12000,27000,40000,5000,26000,43000,74000,0,4000,5000,9000
Ohio,2017,15000,126000,364000,505000,105000,420000,823000,1348000,4000,60000,91000,155000
Oklahoma,2017,5000,45000,140000,190000,34000,127000,255000,416000,2000,25000,36000,63000
Oregon,2017,7000,53000,199000,259000,47000,206000,723000,976000,2000,40000,67000,109000
Pennsylvania,2017,15000,146000,398000,559000,101000,455000,986000,1542000,5000,87000,139000,231000
"Rhode Island",2017,1000,15000,44000,60000,11000,54000,124000,189000,0,9000,14000,23000
"South Carolina",2017,6000,58000,171000,235000,46000,150000,383000,579000,2000,32000,54000,88000
"South Dakota",2017,2000,13000,34000,49000,7000,26000,52000,85000,0,3000,4000,7000
Tennessee,2017,9000,56000,193000,258000,59000,207000,473000,739000,2000,35000,69000,106000
Texas,2017,32000,257000,734000,1023000,244000,817000,1498000,2559000,11000,124000,194000,329000
Utah,2017,5000,32000,72000,109000,27000,96000,147000,270000,2000,18000,21000,41000
Vermont,2017,1000,11000,29000,41000,9000,38000,91000,138000,0,8000,10000,18000
Virginia,2017,10000,89000,265000,364000,67000,275000,498000,840000,2000,45000,80000,127000
Washington,2017,13000,82000,272000,367000,87000,328000,1052000,1467000,3000,50000,100000,153000
"West Virginia",2017,2000,15000,49000,66000,14000,54000,154000,222000,1000,9000,18000,28000
Wisconsin,2017,9000,91000,235000,335000,52000,191000,423000,666000,3000,43000,67000,113000
Wyoming,2017,1000,6000,19000,26000,6000,18000,39000,63000,0,2000,4000,6000
Alabama,2018,6000,46000,167000,219000,36000,152000,417000,605000,1000,21000,51000,73000
Alaska,2018,1000,9000,31000,41000,10000,29000,106000,145000,0,4000,8000,12000
Arizona,2018,10000,68000,212000,290000,71000,230000,666000,967000,3000,41000,67000,111000
Arkansas,2018,4000,26000,93000,123000,27000,82000,230000,339000,1000,10000,17000,28000
California,2018,54000,439000,1586000,2079000,477000,1687000,4476000,6640000,16000,322000,572000,910000
Colorado,2018,9000,82000,302000,393000,76000,286000,903000,1265000,3000,65000,130000,198000
Connecticut,2018,5000,46000,138000,189000,38000,168000,377000,583000,1000,24000,36000,61000
Delaware,2018,1000,10000,39000,50000,10000,38000,101000,149000,0,6000,12000,18000
"District of Columbia",2018,0,10000,43000,53000,6000,43000,115000,164000,0,6000,18000,24000
Florida,2018,18000,139000,564000,721000,174000,641000,1890000,2705000,5000,99000,211000,315000
Georgia,2018,12000,87000,298000,397000,97000,340000,873000,1310000,2000,38000,85000,125000
Hawaii,2018,2000,15000,52000,69000,11000,36000,135000,182000,0,7000,20000,27000
Idaho,2018,3000,19000,58000,80000,19000,53000,133000,205000,1000,7000,12000,20000
Illinois,2018,15000,129000,445000,589000,133000,445000,1170000,1748000,4000,62000,158000,224000
Indiana,2018,9000,75000,228000,312000,67000,259000,603000,929000,3000,34000,51000,88000
Iowa,2018,5000,42000,105000,152000,29000,99000,199000,327000,1000,16000,21000,38000
Kansas,2018,5000,33000,86000,124000,28000,96000,226000,350000,1000,16000,31000,48000
Kentucky,2018,6000,42000,142000,190000,39000,137000,378000,554000,2000,21000,50000,73000
Louisiana,2018,5000,41000,168000,214000,31000,129000,304000,464000,1000,22000,46000,69000
Maine,2018,2000,13000,51000,66000,16000,59000,214000,289000,1000,9000,14000,24000
Maryland,2018,6000,51000,189000,246000,55000,237000,521000,813000,1000,26000,60000,87000
Massachusetts,2018,8000,93000,261000,362000,77000,367000,874000,1318000,2000,55000,76000,133000
Michigan,2018,12000,112000,362000,486000,101000,475000,1189000,1765000,3000,64000,88000,155000
Minnesota,2018,7000,65000,193000,265000,55000,220000,506000,781000,2000,34000,65000,101000
Mississippi,2018,3000,25000,89000,117000,24000,78000,195000,297000,1000,11000,26000,38000
Missouri,2018,8000,59000,199000,266000,53000,204000,506000,763000,2000,26000,40000,68000
Montana,2018,2000,15000,50000,67000,12000,44000,124000,180000,0,8000,11000,19000
Nebraska,2018,3000,24000,64000,91000,22000,73000,133000,228000,1000,13000,14000,28000
Nevada,2018,4000,29000,121000,154000,39000,123000,451000,613000,1000,21000,48000,70000
"New Hampshire",2018,2000,20000,54000,76000,15000,64000,173000,252000,1000,13000,18000,32000
"New Jersey",2018,10000,72000,244000,326000,78000,304000,651000,1033000,2000,41000,76000,119000
"New Mexico",2018,3000,23000,68000,94000,31000,77000,250000,358000,1000,11000,21000,33000
"New York",2018,22000,188000,645000,855000,177000,782000,1913000,2872000,4000,131000,282000,417000
"North Carolina",2018,12000,93000,341000,446000,101000,329000,885000,1315000,3000,55000,111000,169000
"North Dakota",2018,1000,12000,27000,40000,5000,26000,47000,78000,0,4000,5000,9000
Ohio,2018,14000,114000,377000,505000,106000,430000,1021000,1557000,3000,59000,109000,171000
Oklahoma,2018,5000,42000,130000,177000,36000,134000,328000,498000,1000,18000,34000,53000
Oregon,2018,7000,51000,192000,250000,55000,196000,718000,969000,2000,35000,67000,104000
Pennsylvania,2018,15000,131000,406000,552000,109000,436000,1207000,1752000,4000,82000,148000,234000
"Rhode Island",2018,1000,15000,43000,59000,12000,55000,145000,212000,0,8000,12000,20000
"South Carolina",2018,5000,46000,169000,220000,43000,139000,439000,621000,1000,21000,41000,63000
"South Dakota",2018,1000,11000,30000,42000,7000,24000,48000,79000,0,3000,4000,7000
Tennessee,2018,8000,63000,205000,276000,55000,203000,523000,781000,2000,25000,61000,88000
Texas,2018,36000,259000,779000,1074000,271000,817000,1774000,2862000,11000,128000,207000,346000
Utah,2018,5000,31000,70000,106000,32000,104000,178000,314000,2000,15000,16000,33000
Vermont,2018,1000,9000,27000,37000,9000,38000,100000,147000,0,7000,10000,17000
Virginia,2018,10000,82000,267000,359000,61000,287000,518000,866000,2000,45000,80000,127000
Washington,2018,11000,75000,282000,368000,89000,336000,1199000,1624000,3000,46000,95000,144000
"West Virginia",2018,2000,15000,46000,63000,15000,58000,144000,217000,1000,8000,16000,25000
Wisconsin,2018,8000,74000,217000,299000,53000,201000,466000,720000,2000,34000,64000,100000
Wyoming,2018,1000,7000,22000,30000,6000,18000,38000,62000,0,3000,4000,7000
